apex: 2023-12-11 20:49:28.087294 - Weight: 50.0, Height: 1.8, BMI: 15.432098765432098
apex: 2023-12-11 20:49:28.087294 - Weight: 50.0, Height: 1.8, BMI: 15.432098765432098
apex: 2023-12-11 20:49:55.887589 - Weight: 51.0, Height: 1.2, BMI: 35.41666666666667
