max: 2023-12-11 20:48:46.252546 - Weight: 60.0, Height: 1.5, BMI: 26.666666666666668
max: 2023-12-11 20:48:46.252546 - Weight: 60.0, Height: 1.5, BMI: 26.666666666666668
max: 2023-12-11 20:49:05.888850 - Weight: 62.0, Height: 1.6, BMI: 24.218749999999996
